0.749812 0.905649 0.330560 0.950282 0.715711 0.594278 0.821574 0.760204 0.784615 1.000000 0.264894 0.987802 0.665803 0.932146 0.580827 0.924560 0.237119 0.820860 0.566207 0.780952;
0.775131 1.000000 0.541829 0.896801 0.672398 0.452666 0.878130 0.754034 0.780464 0.997760 0.381959 0.813596 0.585810 0.822846 0.721220 0.698533 0.303203 0.665335 0.658909 0.808971;
0.593323 1.000000 0.645612 0.667190 0.532479 0.563236 0.684666 0.686344 0.495544 0.955459 0.815301 0.608802 0.465217 0.583645 0.618853 0.495703 0.454021 0.502672 0.564275 0.591929;
0.477976 0.983532 0.621783 0.548026 0.452528 0.567930 0.528651 0.698326 0.379397 1.000000 0.835667 0.576966 0.439564 0.478429 0.560880 0.443606 0.474627 0.449992 0.510518 0.501667;
0.420523 0.964120 0.572091 0.450891 0.428985 0.515718 0.435327 0.642055 0.321049 1.000000 0.750617 0.546543 0.422599 0.410432 0.531258 0.428443 0.487468 0.443992 0.485252 0.488087;
0.438640 0.912085 0.600209 0.407903 0.464906 0.506967 0.433557 0.656272 0.304220 1.000000 0.667558 0.563217 0.428708 0.387426 0.524102 0.428019 0.567493 0.467898 0.471467 0.526598;
0.483528 0.892498 0.654806 0.433592 0.489686 0.535064 0.456770 0.708186 0.333786 1.000000 0.606969 0.602355 0.443473 0.385939 0.523626 0.449123 0.614041 0.491149 0.482134 0.527627;
0.547467 0.900312 0.696402 0.435672 0.505897 0.575278 0.488263 0.766368 0.362850 1.000000 0.581714 0.662548 0.456481 0.389334 0.530455 0.460865 0.661296 0.511975 0.502750 0.536456;
0.734563 0.925563 0.251121 0.983596 0.764357 0.557161 0.854977 0.763406 0.603433 1.000000 0.222739 0.910141 0.623892 0.958259 0.554401 0.905430 0.157761 0.733795 0.377077 0.615031;
0.572968 0.885591 0.328298 0.846850 0.588500 0.412466 0.748220 0.727130 0.750503 1.000000 0.335974 0.770617 0.511241 0.780463 0.581810 0.646771 0.338067 0.631785 0.645951 0.531608;
0.568673 0.953483 0.497194 0.728239 0.555151 0.452861 0.642757 0.733798 0.628823 1.000000 0.391527 0.750762 0.490878 0.561376 0.518728 0.509638 0.501212 0.522947 0.773411 0.395479;
0.546280 1.000000 0.572102 0.606268 0.452980 0.542271 0.528607 0.650557 0.476070 0.990135 0.477517 0.647789 0.434328 0.465121 0.464555 0.414089 0.497500 0.440769 0.732266 0.301156;
0.477285 1.000000 0.551184 0.476344 0.380576 0.460784 0.455777 0.566370 0.392942 0.981092 0.479668 0.501779 0.400560 0.401671 0.471365 0.376082 0.398733 0.424973 0.631083 0.290237;
0.430925 1.000000 0.518262 0.412788 0.353173 0.367124 0.426279 0.551862 0.369035 0.936300 0.483259 0.386871 0.369131 0.374136 0.438669 0.326089 0.456577 0.471469 0.549773 0.293252;
0.390810 1.000000 0.494955 0.388987 0.351335 0.360079 0.413695 0.549850 0.368492 0.899505 0.496347 0.357565 0.349674 0.362039 0.457922 0.303369 0.497650 0.461555 0.489960 0.322180;
0.363292 1.000000 0.514975 0.389088 0.343935 0.368114 0.412029 0.547753 0.371958 0.867495 0.557047 0.394154 0.343634 0.360335 0.515720 0.298171 0.489110 0.462290 0.469120 0.329778;
0.671056 0.817395 0.239629 0.879166 0.790702 0.528558 0.843893 0.701302 0.705705 0.859932 0.231981 0.833165 0.605327 1.000000 0.663213 0.825368 0.230462 0.787416 0.532236 0.735885;
0.655601 0.822313 0.404636 0.826009 0.612345 0.461371 0.883284 1.000000 0.756181 0.869886 0.468168 0.800949 0.578729 0.876170 0.683758 0.675550 0.411200 0.730054 0.573499 0.807284;
0.572355 0.675289 0.534832 0.693980 0.522473 0.599337 0.767137 1.000000 0.690453 0.696728 0.695949 0.710890 0.507800 0.642753 0.657078 0.572683 0.660616 0.767145 0.509250 0.633272;
0.521005 0.565555 0.578766 0.676622 0.490923 0.664839 0.658432 1.000000 0.569311 0.635515 0.786770 0.629143 0.440705 0.478565 0.587526 0.440929 0.690573 0.758866 0.474191 0.532519;
0.546247 0.668532 0.660220 0.731089 0.508278 0.774427 0.637366 1.000000 0.596186 0.692926 0.861323 0.695415 0.462763 0.449425 0.603878 0.427608 0.707459 0.771146 0.535059 0.512101;
0.559476 0.762143 0.717663 0.765452 0.522874 0.840535 0.618088 1.000000 0.595883 0.734636 0.903546 0.738505 0.412012 0.452103 0.603061 0.447963 0.692393 0.761724 0.565575 0.529308;
0.564248 0.812504 0.726041 0.791219 0.527912 0.861912 0.643965 1.000000 0.591381 0.746364 0.936523 0.767505 0.421275 0.459160 0.595673 0.496415 0.654458 0.744280 0.583012 0.535701;
0.564292 0.814985 0.725514 0.806275 0.530901 0.862988 0.655466 1.000000 0.589749 0.746441 0.968696 0.793367 0.425045 0.463676 0.586842 0.522102 0.662019 0.720087 0.595482 0.543173;
0.852514 0.829559 0.364786 1.000000 0.707643 0.532023 0.816116 0.659212 0.733034 0.855666 0.146677 0.914517 0.606453 0.955339 0.605158 0.787989 0.226500 0.650968 0.477736 0.787825;
0.712527 1.000000 0.400251 0.780554 0.589896 0.531169 0.713471 0.689022 0.570998 0.970683 0.383237 0.811425 0.513951 0.805402 0.778945 0.718978 0.382287 0.629197 0.694249 0.750965;
0.598653 0.910424 0.528249 0.636200 0.460600 0.465066 0.594970 0.774321 0.517414 1.000000 0.463652 0.639919 0.515037 0.603090 0.606344 0.508061 0.431309 0.466553 0.677583 0.571807;
0.513151 0.792086 0.604723 0.598355 0.446400 0.528680 0.517855 0.707245 0.439482 1.000000 0.442076 0.573157 0.462814 0.484281 0.470917 0.420583 0.498923 0.447311 0.647223 0.540534;
0.450350 0.814680 0.663744 0.572117 0.447420 0.480618 0.470682 0.655638 0.418172 1.000000 0.419426 0.488652 0.437871 0.447541 0.446241 0.413167 0.538229 0.420112 0.593427 0.494030;
0.375421 0.816686 0.689926 0.475748 0.444003 0.458777 0.433487 0.646221 0.392319 1.000000 0.443288 0.432421 0.420349 0.428432 0.442389 0.397550 0.585863 0.412380 0.554351 0.462678;
0.383909 0.838283 0.746789 0.405541 0.452004 0.497994 0.446262 0.671889 0.418780 1.000000 0.523142 0.429901 0.434683 0.438227 0.465189 0.392084 0.634197 0.444949 0.559242 0.476261;
0.377523 0.832893 0.729205 0.385496 0.423023 0.515833 0.448357 0.668589 0.417457 1.000000 0.542400 0.428190 0.422972 0.423955 0.463917 0.361091 0.639598 0.440078 0.538110 0.478329;
0.692619 1.000000 0.352298 0.920831 0.789337 0.578486 0.809639 0.721216 0.700013 0.925455 0.154472 0.843392 0.615587 0.870463 0.592631 0.828586 0.251209 0.643441 0.439341 0.708310;
0.517979 1.000000 0.316021 0.841759 0.670529 0.484767 0.777964 0.805550 0.708148 0.839898 0.323441 0.710527 0.541399 0.743805 0.625726 0.602981 0.317718 0.657473 0.476795 0.836385;
0.363428 1.000000 0.321061 0.535340 0.552444 0.525474 0.583304 0.691613 0.497437 0.801120 0.514682 0.574955 0.433481 0.458169 0.461207 0.480948 0.482854 0.557232 0.381457 0.661423;
0.385865 1.000000 0.389983 0.433464 0.445289 0.539250 0.530523 0.662424 0.443343 0.907334 0.497901 0.578447 0.406716 0.343122 0.387616 0.357599 0.440255 0.491342 0.431446 0.539990;
0.357400 1.000000 0.488269 0.417245 0.478622 0.683201 0.510904 0.617156 0.441146 0.947219 0.654607 0.668928 0.427703 0.322738 0.391901 0.373000 0.556163 0.468023 0.487806 0.474103;
0.383504 0.993105 0.516862 0.440134 0.492952 0.798972 0.502424 0.597365 0.447420 1.000000 0.760167 0.699818 0.461488 0.354038 0.386247 0.362484 0.586455 0.477673 0.531923 0.442772;
0.395915 0.957200 0.505456 0.449964 0.474400 0.844607 0.486827 0.574063 0.427549 1.000000 0.755181 0.672505 0.485882 0.381095 0.375155 0.340798 0.581015 0.478275 0.540204 0.417332;
0.405867 0.917018 0.500818 0.454288 0.450557 0.863153 0.481889 0.555857 0.410113 1.000000 0.723359 0.681434 0.502666 0.396057 0.367517 0.325708 0.561026 0.461328 0.547178 0.407834;
0.712931 0.899713 0.336127 0.766636 0.775050 0.560341 0.747599 0.661576 0.697930 1.000000 0.180282 0.946283 0.613802 0.929549 0.662952 0.769625 0.212461 0.557841 0.456498 0.651884;
0.554507 1.000000 0.359521 0.758757 0.517330 0.516712 0.765851 0.642470 0.584584 0.828148 0.322456 0.628340 0.502254 0.740100 0.643156 0.579499 0.276374 0.616389 0.408115 0.793947;
0.537890 1.000000 0.480040 0.732738 0.508707 0.673544 0.648026 0.738246 0.576145 0.840258 0.708010 0.606583 0.470398 0.588182 0.577307 0.520449 0.373537 0.544262 0.385365 0.704744;
0.560042 0.977618 0.547626 0.696340 0.510023 0.624658 0.594196 0.729213 0.633525 1.000000 0.667379 0.680312 0.525378 0.547341 0.564460 0.415967 0.492377 0.527666 0.412361 0.618186;
0.502712 0.999493 0.631179 0.644920 0.477324 0.582383 0.512248 0.714388 0.585334 1.000000 0.645530 0.650039 0.494768 0.485197 0.490844 0.370321 0.533537 0.469488 0.455098 0.540106;
0.459818 0.990819 0.639864 0.604482 0.455287 0.559254 0.487379 0.754942 0.542026 1.000000 0.589514 0.590350 0.457245 0.447417 0.461250 0.331811 0.553633 0.436379 0.434386 0.509774;
0.448547 0.957518 0.615376 0.544186 0.444185 0.542756 0.477257 0.763159 0.525252 1.000000 0.659050 0.582436 0.448526 0.431757 0.458569 0.316585 0.563476 0.422805 0.398606 0.491757;
0.441997 0.915304 0.588926 0.526836 0.426736 0.543439 0.461605 0.736829 0.508543 1.000000 0.705339 0.573312 0.441694 0.414944 0.454802 0.310161 0.562813 0.417734 0.380672 0.478300;
0.599575 0.973205 0.286782 0.743721 0.713715 0.483852 0.712931 0.575082 0.596274 1.000000 0.217579 0.868950 0.487943 0.852184 0.561581 0.779848 0.187944 0.604712 0.494896 0.528290;
0.423194 1.000000 0.318413 0.492519 0.526389 0.372153 0.583772 0.486651 0.499723 0.824451 0.457661 0.551774 0.447489 0.611636 0.524828 0.464865 0.349528 0.459990 0.363267 0.476799;
0.425079 1.000000 0.428631 0.490019 0.450523 0.486041 0.519278 0.586238 0.394874 0.852620 0.530805 0.527538 0.378951 0.485789 0.415028 0.408631 0.476289 0.463960 0.481199 0.499137;
0.452732 1.000000 0.462536 0.518430 0.497951 0.564991 0.507829 0.622965 0.367828 0.855940 0.703166 0.581093 0.432972 0.440102 0.410102 0.347366 0.518675 0.511901 0.533109 0.475849;
0.461826 1.000000 0.554666 0.564449 0.533934 0.630511 0.519471 0.631706 0.373578 0.992944 0.743513 0.639496 0.441409 0.414693 0.417340 0.371778 0.509472 0.581832 0.575361 0.489465;
0.394672 0.853800 0.616400 0.504209 0.493807 0.586419 0.453432 0.576488 0.331773 1.000000 0.743701 0.557927 0.397928 0.381327 0.382200 0.323694 0.432917 0.527153 0.517542 0.401548;
0.403830 0.865453 0.653132 0.451996 0.479443 0.561506 0.421356 0.577630 0.306053 1.000000 0.809755 0.508612 0.399554 0.383414 0.375683 0.300003 0.460355 0.508336 0.492604 0.399514;
0.415323 0.873916 0.678383 0.436343 0.474782 0.542122 0.401529 0.601553 0.283081 1.000000 0.832914 0.485080 0.403273 0.392415 0.373551 0.295951 0.468088 0.511319 0.484388 0.400441;
0.597551 0.950863 0.303369 0.585639 0.545077 0.522902 0.532890 0.498262 0.519310 1.000000 0.206452 0.614981 0.363316 0.611087 0.420317 0.587658 0.148670 0.431483 0.474710 0.426464;
0.463297 1.000000 0.249833 0.629102 0.398035 0.357918 0.492863 0.534937 0.493076 0.916912 0.334714 0.588885 0.364018 0.527240 0.416127 0.444415 0.286883 0.387120 0.510823 0.328810;
0.454978 1.000000 0.442079 0.636827 0.353978 0.458994 0.466957 0.530828 0.454770 0.973347 0.462873 0.623083 0.365761 0.409193 0.336849 0.366224 0.419011 0.445623 0.592222 0.318445;
0.391978 0.954782 0.521458 0.585779 0.373152 0.513084 0.410293 0.505594 0.428354 1.000000 0.425284 0.585225 0.324300 0.434404 0.355480 0.317390 0.515744 0.428071 0.535820 0.286505;
0.324300 0.880799 0.496235 0.497492 0.350638 0.497653 0.377419 0.481359 0.380612 1.000000 0.422809 0.507519 0.306116 0.386016 0.348174 0.264355 0.480116 0.391652 0.475150 0.247860;
0.320915 0.883549 0.513099 0.462061 0.341261 0.526313 0.393257 0.480187 0.365774 1.000000 0.458260 0.493175 0.294839 0.366823 0.358511 0.251440 0.461879 0.390078 0.473722 0.250311;
0.316762 0.922034 0.552029 0.451201 0.344158 0.524902 0.412995 0.488156 0.364773 1.000000 0.477551 0.493627 0.307377 0.357540 0.385713 0.254590 0.450889 0.412065 0.483411 0.257139;
0.312672 0.958817 0.601227 0.459979 0.355871 0.512000 0.429643 0.504109 0.370049 1.000000 0.488445 0.499801 0.313369 0.369634 0.428277 0.259451 0.446602 0.425241 0.492518 0.259129;
0.778943 0.958790 0.493439 0.923589 0.816818 0.531045 0.881875 0.747128 0.774915 0.993638 0.160183 0.992837 0.650151 1.000000 0.679532 0.895447 0.260382 0.719940 0.600451 0.858723;
0.702644 0.914832 0.482156 0.862644 0.685012 0.543971 0.854544 1.000000 0.843961 0.919323 0.498639 0.915547 0.642002 0.896904 0.643973 0.749500 0.508994 0.799007 0.672505 0.871068;
0.642230 1.000000 0.581229 0.720115 0.610073 0.649280 0.724909 0.844037 0.569686 0.840824 0.861596 0.663334 0.568454 0.678026 0.477688 0.510554 0.615078 0.758542 0.626593 0.656149;
0.593384 1.000000 0.585199 0.647845 0.567522 0.599768 0.579190 0.745490 0.461042 0.895336 0.895455 0.576577 0.543076 0.546871 0.474636 0.453191 0.571007 0.723115 0.643722 0.567369;
0.514865 1.000000 0.500286 0.523967 0.509139 0.526588 0.470819 0.628354 0.393092 0.861078 0.784316 0.561670 0.485716 0.450840 0.424270 0.419257 0.498263 0.640905 0.640553 0.511694;
0.463410 1.000000 0.461451 0.451951 0.482151 0.496909 0.459078 0.646508 0.371331 0.892071 0.713214 0.559924 0.462612 0.408699 0.405833 0.426055 0.533364 0.611877 0.615404 0.493852;
0.440418 1.000000 0.451939 0.431337 0.509515 0.490022 0.448541 0.663201 0.371620 0.858464 0.700328 0.566827 0.465194 0.413038 0.397108 0.444355 0.668258 0.596132 0.609153 0.518708;
0.491693 1.000000 0.493414 0.443228 0.508104 0.509248 0.444755 0.674220 0.386979 0.792821 0.723017 0.582310 0.475490 0.431219 0.404520 0.452838 0.779755 0.586719 0.613748 0.551849;
0.759644 0.851576 0.307760 0.898814 0.734739 0.512535 0.969876 0.864128 0.779434 0.986955 0.163937 0.995546 0.620210 1.000000 0.700221 0.875402 0.206839 0.693694 0.561576 0.631047;
0.621775 0.813473 0.457948 0.776161 0.609947 0.404109 0.731017 0.726463 0.739740 1.000000 0.466622 0.702664 0.562377 0.919286 0.730224 0.687862 0.337399 0.631481 0.609170 0.556117;
0.523766 0.845660 0.525425 0.711972 0.523902 0.504587 0.587023 0.682536 0.531085 1.000000 0.712070 0.626022 0.439399 0.675128 0.638317 0.582027 0.380234 0.680200 0.579308 0.494848;
0.484350 0.698951 0.663270 0.658709 0.481814 0.605007 0.517926 0.588708 0.450605 1.000000 0.851866 0.580421 0.409755 0.574359 0.555952 0.488656 0.503548 0.669328 0.600088 0.442255;
0.497119 0.658435 0.658958 0.568390 0.461740 0.587392 0.500822 0.526724 0.384858 1.000000 0.811403 0.491893 0.367234 0.548149 0.513380 0.442079 0.502786 0.653883 0.587752 0.404794;
0.488991 0.707432 0.678881 0.510047 0.442541 0.578059 0.472350 0.517787 0.374481 1.000000 0.735766 0.461433 0.346346 0.550458 0.510313 0.423054 0.472581 0.623070 0.552161 0.418946;
0.466723 0.764466 0.695866 0.470191 0.412990 0.570869 0.452384 0.517739 0.387308 1.000000 0.677316 0.460149 0.334037 0.551308 0.514685 0.414884 0.471715 0.586147 0.525260 0.427793;
0.472936 0.817242 0.692942 0.456278 0.409915 0.595209 0.459830 0.567586 0.406252 1.000000 0.658063 0.458393 0.342967 0.574634 0.539577 0.442328 0.495672 0.589976 0.538311 0.449076;
0.634666 1.000000 0.328244 0.707320 0.563760 0.508897 0.782109 0.676885 0.630344 0.838375 0.298928 0.734383 0.515409 0.808759 0.447963 0.697155 0.216952 0.623731 0.418250 0.652978;
0.517362 1.000000 0.341599 0.652039 0.489607 0.416390 0.725874 0.598128 0.581280 0.880804 0.478898 0.584779 0.410202 0.663502 0.513472 0.491761 0.335627 0.494486 0.376015 0.633598;
0.406236 1.000000 0.483396 0.551072 0.436902 0.442516 0.598397 0.620981 0.525232 0.821665 0.490170 0.516533 0.370223 0.476867 0.463884 0.419855 0.425703 0.385084 0.356762 0.629558;
0.349394 1.000000 0.566847 0.492813 0.391347 0.468574 0.499062 0.591774 0.459561 0.708395 0.534635 0.470943 0.364969 0.388672 0.437063 0.386182 0.490344 0.379008 0.351494 0.590580;
0.338775 1.000000 0.619066 0.455662 0.370663 0.445925 0.456200 0.556815 0.429852 0.793894 0.517281 0.530588 0.366160 0.315163 0.435396 0.356128 0.501631 0.409799 0.387045 0.531888;
0.348139 1.000000 0.653620 0.421122 0.361031 0.415180 0.444997 0.542294 0.407813 0.814179 0.546399 0.523876 0.364267 0.275212 0.444279 0.331107 0.498523 0.412359 0.418629 0.506384;
0.363689 1.000000 0.681086 0.393368 0.355839 0.408332 0.444099 0.538362 0.390952 0.825170 0.598505 0.518485 0.369257 0.270495 0.458186 0.317436 0.505439 0.420467 0.454721 0.509274;
0.386528 1.000000 0.714520 0.377795 0.355034 0.426373 0.448267 0.565279 0.384649 0.880130 0.633697 0.507354 0.373699 0.274076 0.477453 0.313960 0.497162 0.437773 0.480599 0.534518;
0.669262 0.746285 0.252035 0.937587 0.641252 0.636590 0.809753 0.675708 0.562296 0.771995 0.297000 0.814240 0.600524 0.877036 0.674651 1.000000 0.133131 0.631608 0.615175 0.604644;
0.805157 0.981133 0.433734 0.893710 0.678633 0.413847 0.947534 0.904218 0.905805 0.993627 0.377272 0.801022 0.629522 1.000000 0.910079 0.832946 0.328812 0.776854 0.681258 0.849295;
0.645225 0.959418 0.709411 0.721981 0.586583 0.473688 0.754179 0.976354 0.601891 1.000000 0.656448 0.770109 0.491035 0.766304 0.747848 0.551560 0.564260 0.604232 0.476048 0.660645;
0.558368 0.856877 0.822660 0.705817 0.522061 0.565118 0.642710 0.916724 0.500452 1.000000 0.848543 0.704669 0.475706 0.653815 0.643455 0.544444 0.622425 0.587831 0.487884 0.582012;
0.527171 0.801094 0.840075 0.715734 0.541081 0.634498 0.611697 0.915630 0.481988 1.000000 0.869807 0.674715 0.507943 0.625015 0.586864 0.546319 0.641950 0.599698 0.513030 0.552378;
0.555963 0.817117 0.928019 0.737340 0.604432 0.730480 0.630061 0.965618 0.531834 1.000000 0.925818 0.688373 0.562914 0.709258 0.598514 0.583702 0.695143 0.648280 0.531253 0.564204;
0.580669 0.788392 0.949851 0.714412 0.608954 0.785448 0.622108 0.957534 0.560060 1.000000 0.933472 0.653394 0.595371 0.747947 0.662090 0.581591 0.721094 0.669895 0.568140 0.569509;
0.612462 0.805544 0.985125 0.732596 0.619750 0.891021 0.650904 1.000000 0.602811 0.962248 0.987480 0.645469 0.660327 0.755056 0.739996 0.597066 0.786442 0.744112 0.604147 0.561940;
0.847858 0.887577 0.372209 0.917909 0.687860 0.578914 0.809413 0.848192 0.786836 0.841628 0.134065 1.000000 0.646091 0.975889 0.653848 0.934476 0.287614 0.807859 0.563942 0.708277;
0.652906 0.857369 0.414950 0.821462 0.653830 0.457556 0.776360 0.798604 0.701600 1.000000 0.459747 0.716514 0.606563 0.876255 0.746611 0.772822 0.321655 0.598866 0.593138 0.635529;
0.518611 0.819588 0.497536 0.654242 0.409873 0.462886 0.568769 0.836838 0.587402 1.000000 0.606688 0.614615 0.505273 0.588657 0.642388 0.499271 0.422443 0.518063 0.420466 0.445082;
0.507776 0.859507 0.503953 0.675373 0.380353 0.535411 0.521368 0.871295 0.562940 1.000000 0.722924 0.673213 0.481701 0.496803 0.616433 0.425740 0.432335 0.533417 0.388276 0.403647;
0.505527 0.866074 0.470779 0.656517 0.389542 0.545563 0.518866 0.857940 0.564630 1.000000 0.813926 0.687497 0.472268 0.480003 0.593285 0.388418 0.479067 0.521189 0.411261 0.407434;
0.510166 0.882073 0.470178 0.630518 0.408330 0.607230 0.525812 0.856392 0.579724 1.000000 0.906125 0.707771 0.463778 0.486846 0.581951 0.368010 0.584910 0.513044 0.476194 0.409521;
0.513399 0.887471 0.466868 0.602086 0.419225 0.618434 0.531085 0.855887 0.594745 1.000000 0.926906 0.717481 0.462958 0.495414 0.571783 0.357200 0.689804 0.508131 0.515508 0.409117;
0.511652 0.876247 0.490485 0.575310 0.416182 0.588567 0.530972 0.827207 0.591201 1.000000 0.910788 0.719019 0.461403 0.494318 0.554765 0.348460 0.737081 0.501375 0.527622 0.404294;
0.752684 0.985408 0.395387 0.886752 0.840119 0.554211 0.940601 0.863569 0.836924 0.899765 0.179166 0.934624 0.734170 1.000000 0.774397 0.961801 0.243164 0.702364 0.730343 0.829642;
0.591124 0.951861 0.377312 0.722759 0.596803 0.462357 0.859187 0.912328 0.758763 1.000000 0.477076 0.770563 0.507926 0.731503 0.670839 0.659963 0.526763 0.608707 0.528834 0.773826;
0.506167 0.924702 0.443038 0.648614 0.493953 0.435039 0.775930 0.850968 0.643754 1.000000 0.602145 0.714743 0.423437 0.527532 0.586486 0.511760 0.645320 0.562497 0.462331 0.718175;
0.398868 0.907170 0.510282 0.544266 0.441350 0.579870 0.562105 0.683198 0.483800 1.000000 0.508485 0.516110 0.345151 0.429844 0.503232 0.375360 0.522015 0.554947 0.433574 0.572748;
0.390091 0.983109 0.699682 0.495749 0.451990 0.700931 0.492549 0.680574 0.438399 1.000000 0.497946 0.560158 0.353466 0.396801 0.492770 0.310171 0.518117 0.557808 0.456733 0.498781;
0.405710 1.000000 0.781067 0.452997 0.487168 0.791133 0.470474 0.681671 0.414873 0.965511 0.566105 0.636707 0.378140 0.399140 0.485212 0.300996 0.568140 0.541284 0.473385 0.455939;
0.419843 1.000000 0.810426 0.443477 0.503432 0.854049 0.462095 0.694556 0.410391 0.937625 0.605328 0.680079 0.402499 0.410917 0.518125 0.301891 0.592742 0.540464 0.481232 0.440177;
0.447100 1.000000 0.841260 0.454991 0.517868 0.918801 0.472567 0.726096 0.424678 0.949156 0.625479 0.723660 0.431572 0.442110 0.576431 0.317447 0.613665 0.558059 0.497365 0.442151;
0.734008 0.969475 0.316570 0.973384 0.807217 0.743099 0.858353 0.881615 0.746771 0.875099 0.211414 0.978812 0.654799 0.962557 0.724073 1.000000 0.239378 0.675334 0.472308 0.751151;
0.632217 0.867413 0.572624 0.682273 0.729733 0.457008 0.883438 0.855805 0.753705 1.000000 0.417184 0.783955 0.584289 0.917936 0.877434 0.787898 0.403124 0.727065 0.621769 0.747617;
0.442248 0.735784 0.455855 0.389212 0.515496 0.424558 0.613884 0.728535 0.445519 1.000000 0.413493 0.600300 0.415199 0.572707 0.609523 0.505807 0.340760 0.594888 0.411521 0.486245;
0.420386 0.705695 0.438910 0.354046 0.437348 0.451083 0.524279 0.748243 0.363580 1.000000 0.405901 0.631432 0.395783 0.450963 0.519711 0.424286 0.375423 0.552895 0.325255 0.397600;
0.424775 0.690870 0.472204 0.432593 0.411140 0.470351 0.521447 0.767309 0.388705 1.000000 0.384160 0.682308 0.391439 0.410572 0.574607 0.411672 0.401593 0.546735 0.327823 0.366936;
0.421860 0.671677 0.466032 0.455338 0.384906 0.460478 0.509659 0.748843 0.415729 1.000000 0.409721 0.695610 0.388257 0.398804 0.671817 0.392647 0.474234 0.520631 0.330987 0.355418;
0.403311 0.646697 0.449268 0.423526 0.361037 0.423076 0.497503 0.714116 0.404820 1.000000 0.443968 0.668069 0.372494 0.382071 0.665118 0.378435 0.475557 0.488686 0.354443 0.334347;
0.376888 0.629079 0.412712 0.380679 0.330978 0.380339 0.452268 0.675255 0.382798 1.000000 0.432052 0.629179 0.351086 0.350026 0.620309 0.352313 0.447005 0.457989 0.344191 0.313886;
0.689485 0.845023 0.380201 0.848034 0.744319 0.616482 0.863845 0.787422 0.651781 0.903955 0.173227 0.912697 0.580657 1.000000 0.692008 0.885099 0.225320 0.731441 0.484443 0.755715;
0.624902 0.851549 0.352874 0.755555 0.758952 0.429433 0.826821 0.861130 0.755736 1.000000 0.359307 0.844787 0.545098 0.860685 0.775071 0.792189 0.284393 0.678959 0.548981 0.674060;
0.569401 0.805307 0.498279 0.532129 0.572648 0.456366 0.633814 0.874128 0.644405 1.000000 0.548408 0.678544 0.410864 0.657863 0.724561 0.645913 0.475567 0.496505 0.451429 0.624863;
0.501717 0.706407 0.582492 0.441811 0.447779 0.384847 0.486232 0.818351 0.517462 1.000000 0.577948 0.573821 0.344223 0.433603 0.588719 0.486715 0.541287 0.422589 0.471027 0.536827;
0.438077 0.650362 0.562580 0.400580 0.379048 0.367843 0.412604 0.735809 0.448244 1.000000 0.524934 0.528769 0.313232 0.335837 0.492088 0.421028 0.513447 0.402007 0.467366 0.446343;
0.414615 0.615802 0.545260 0.387010 0.345993 0.383245 0.393640 0.694183 0.420427 1.000000 0.491224 0.504032 0.328894 0.305335 0.454928 0.399354 0.503694 0.384929 0.467317 0.399812;
0.413043 0.635071 0.544983 0.385227 0.334304 0.413462 0.398888 0.687629 0.406972 1.000000 0.459591 0.481491 0.347348 0.296771 0.448626 0.399258 0.491438 0.390325 0.480496 0.357385;
0.391487 0.671005 0.549202 0.388039 0.331479 0.451611 0.442055 0.707979 0.403500 1.000000 0.463735 0.461134 0.359045 0.300281 0.454957 0.418565 0.538109 0.432032 0.497770 0.343016;
0.620962 0.977442 0.495029 0.817472 0.624070 0.472821 0.716088 0.552900 0.716145 0.953419 0.159089 1.000000 0.526811 0.766708 0.622675 0.873880 0.224265 0.582608 0.442222 0.668584;
0.503956 0.972338 0.426413 0.708911 0.511127 0.397690 0.675491 0.617088 0.567238 1.000000 0.411607 0.709627 0.448157 0.670228 0.570341 0.610938 0.392191 0.575014 0.487871 0.614059;
0.560990 0.999398 0.448334 0.743609 0.516602 0.618435 0.629563 0.728162 0.640668 1.000000 0.657644 0.747476 0.481954 0.565934 0.546026 0.540017 0.551840 0.548761 0.566229 0.523693;
0.492725 0.912389 0.528049 0.603015 0.410434 0.517943 0.474070 0.680944 0.521554 1.000000 0.750865 0.593866 0.433229 0.446847 0.427594 0.406613 0.557660 0.497744 0.467862 0.413423;
0.456343 0.978017 0.540510 0.528232 0.368869 0.507912 0.452142 0.633899 0.479737 1.000000 0.733638 0.551817 0.415534 0.389510 0.396192 0.376669 0.522107 0.479244 0.528076 0.385968;
0.439762 1.000000 0.534808 0.495499 0.342026 0.511317 0.450432 0.591962 0.451897 0.936116 0.685564 0.519104 0.383338 0.354128 0.360967 0.365250 0.521164 0.439803 0.486747 0.347260;
0.433872 1.000000 0.571759 0.469845 0.335965 0.537681 0.430128 0.573748 0.433269 0.885320 0.686914 0.491934 0.370621 0.340295 0.399336 0.352206 0.537876 0.421630 0.449480 0.326369;
0.435748 1.000000 0.664397 0.464352 0.346839 0.571872 0.424169 0.564363 0.432474 0.876886 0.728006 0.479432 0.397545 0.345888 0.512484 0.359512 0.542007 0.427114 0.440458 0.316485;
0.781305 0.871662 0.432741 0.901348 0.711790 0.565913 0.866747 0.712594 0.766696 1.000000 0.152703 0.929715 0.642083 0.916467 0.668945 0.984261 0.217387 0.668241 0.485531 0.652124;
0.612447 0.914201 0.407114 0.825716 0.598081 0.384349 0.759196 0.849664 0.753017 1.000000 0.428369 0.694778 0.548122 0.797128 0.609305 0.725695 0.411252 0.723725 0.535513 0.569956;
0.474042 0.898389 0.552126 0.562235 0.406151 0.419456 0.536037 0.633680 0.569534 1.000000 0.572273 0.476142 0.479724 0.537315 0.441938 0.446927 0.513628 0.621039 0.478655 0.477809;
0.394598 0.883263 0.560902 0.451892 0.329997 0.409559 0.457495 0.576197 0.459056 1.000000 0.596593 0.458595 0.515640 0.402135 0.403811 0.277582 0.597860 0.536656 0.446364 0.471017;
0.342498 0.951589 0.496025 0.444795 0.300106 0.382927 0.403974 0.599573 0.472087 1.000000 0.605645 0.401019 0.530568 0.340543 0.374082 0.231828 0.712678 0.485701 0.437036 0.459019;
0.311915 1.000000 0.506485 0.438382 0.278150 0.354480 0.392782 0.606018 0.466019 0.980726 0.631211 0.407259 0.508401 0.306762 0.390541 0.222221 0.703331 0.451331 0.441304 0.445017;
0.315278 1.000000 0.516941 0.432969 0.268782 0.327786 0.402970 0.603710 0.455830 0.960800 0.620523 0.427194 0.473005 0.295704 0.463207 0.231749 0.666889 0.429596 0.428964 0.432490;
0.337278 1.000000 0.506938 0.429333 0.269713 0.313310 0.404561 0.615514 0.456503 0.949414 0.621802 0.449243 0.447135 0.296776 0.496822 0.289474 0.646133 0.419285 0.443034 0.431017;
0.682787 0.977245 0.502200 1.000000 0.922510 0.511184 0.804243 0.735190 0.742362 0.988847 0.231555 0.881683 0.538306 0.985368 0.607978 0.771027 0.179308 0.820826 0.506433 0.679079;
0.590004 1.000000 0.412841 0.734692 0.590382 0.536820 0.707026 0.868128 0.646501 0.909650 0.611924 0.827777 0.435931 0.825740 0.510794 0.526521 0.410082 0.577248 0.532743 0.575684;
0.522045 1.000000 0.535365 0.723811 0.444423 0.676824 0.658273 0.834704 0.511339 0.682579 0.745463 0.749296 0.356242 0.558740 0.416060 0.451170 0.437152 0.514833 0.501877 0.586512;
0.447757 1.000000 0.677693 0.704218 0.402260 0.674973 0.563733 0.814845 0.428762 0.592128 0.759631 0.700407 0.372095 0.457215 0.334300 0.459249 0.540902 0.423792 0.473150 0.527294;
0.425159 1.000000 0.621966 0.690588 0.401614 0.682987 0.523010 0.837515 0.416322 0.646619 0.738849 0.692139 0.406156 0.437459 0.304313 0.387463 0.648194 0.410850 0.463473 0.413779;
0.441488 1.000000 0.603852 0.686451 0.444908 0.713638 0.514565 0.911921 0.432998 0.804983 0.770375 0.715397 0.464037 0.437977 0.301810 0.405690 0.714156 0.427142 0.493818 0.391391;
0.420784 1.000000 0.570952 0.610080 0.403969 0.660117 0.458117 0.842670 0.415214 0.844606 0.768299 0.662202 0.443711 0.432651 0.293087 0.443934 0.663852 0.385421 0.467572 0.368506;
0.418549 1.000000 0.568860 0.565905 0.394449 0.673822 0.459421 0.765401 0.411264 0.849885 0.710699 0.628994 0.428053 0.422845 0.302627 0.462072 0.658388 0.374678 0.443605 0.369555;
0.785356 0.946855 0.387098 0.958514 0.658736 0.640583 0.754199 0.650341 0.635447 0.792000 0.180632 1.000000 0.540758 0.858222 0.647543 0.852211 0.264574 0.680753 0.530041 0.598114;
0.694046 1.000000 0.390018 0.880820 0.547104 0.587217 0.625852 0.755953 0.678722 0.954422 0.240281 0.926583 0.478288 0.772583 0.598841 0.678447 0.227419 0.569172 0.607948 0.510206;
0.595420 1.000000 0.531836 0.730087 0.478831 0.511367 0.499573 0.777632 0.595639 0.944258 0.531346 0.837815 0.436648 0.670779 0.582033 0.547397 0.384331 0.714319 0.530565 0.426146;
0.585169 1.000000 0.611095 0.688376 0.516696 0.628275 0.486710 0.862854 0.548982 0.873018 0.845111 0.784964 0.481562 0.637949 0.590899 0.518935 0.447226 0.821289 0.472617 0.418127;
0.615401 1.000000 0.758485 0.678391 0.557454 0.691482 0.521751 0.903282 0.558726 0.850785 0.973219 0.798843 0.486466 0.665375 0.645335 0.551827 0.498853 0.877108 0.480749 0.496185;
0.631777 0.975116 0.814147 0.656695 0.530475 0.676656 0.487978 0.891225 0.539765 0.798438 1.000000 0.835455 0.470029 0.634625 0.648941 0.553720 0.505248 0.859350 0.453178 0.533146;
0.623522 0.874813 0.793613 0.654250 0.488851 0.650704 0.437413 0.858955 0.508579 0.730759 1.000000 0.797186 0.441741 0.569455 0.617554 0.518518 0.486166 0.806609 0.435399 0.526560;
0.614795 0.779938 0.771487 0.670919 0.460611 0.622073 0.404457 0.834316 0.483636 0.676244 1.000000 0.761784 0.422914 0.520603 0.595653 0.506715 0.463794 0.774756 0.440567 0.515660;
